4
10
24
30
33
43
53
63
-1 -4
-2 -4
-3 -4
-4 -5
-4 -6
-4 -7
-4 -8
-4 -12
-4 -20
-4 -28
-4 -36
-4 -44
-4 -52
-4 -60
-4 -13
-4 -22
-4 -31
-4 -40
-4 -11
-4 -18
-4 -25
-9 -10
-10 -11
-10 -12
-10 -13
-10 -14
-10 -15
-10 -16
-2 -10
-10 -18
-10 -26
-10 -34
-10 -42
-10 -50
-10 -58
-1 -10
-10 -19
-10 -28
-10 -37
-10 -46
-10 -55
-10 -64
-3 -10
-10 -17
-17 -24
-18 -24
-19 -24
-20 -24
-21 -24
-22 -24
-23 -24
-8 -24
-16 -24
-24 -32
-24 -40
-24 -48
-24 -56
-24 -64
-6 -24
-15 -24
-24 -31
-24 -38
-24 -45
-24 -52
-24 -59
-25 -30
-26 -30
-27 -30
-28 -30
-29 -30
-30 -31
-30 -32
-6 -30
-14 -30
-22 -30
-30 -38
-30 -46
-30 -54
-30 -62
-3 -30
-12 -30
-21 -30
-30 -39
-30 -48
-16 -30
-23 -30
-30 -37
-30 -44
-30 -51
-30 -58
-33 -34
-33 -35
-33 -36
-33 -37
-33 -38
-33 -39
-33 -40
-1 -33
-9 -33
-17 -33
-25 -33
-33 -41
-33 -49
-33 -57
-33 -42
-33 -51
-33 -60
-5 -33
-12 -33
-19 -33
-26 -33
-41 -43
-42 -43
-43 -44
-43 -45
-43 -46
-43 -47
-43 -48
-3 -43
-11 -43
-19 -43
-27 -43
-35 -43
-43 -51
-43 -59
-25 -43
-34 -43
-43 -52
-43 -61
-8 -43
-15 -43
-22 -43
-29 -43
-36 -43
-43 -50
-43 -57
-49 -53
-50 -53
-51 -53
-52 -53
-53 -54
-53 -55
-53 -56
-5 -53
-13 -53
-21 -53
-29 -53
-37 -53
-45 -53
-53 -61
-17 -53
-26 -53
-35 -53
-44 -53
-53 -62
-32 -53
-39 -53
-46 -53
-53 -60
-57 -63
-58 -63
-59 -63
-60 -63
-61 -63
-62 -63
-63 -64
-7 -63
-15 -63
-23 -63
-31 -63
-39 -63
-47 -63
-55 -63
-9 -63
-18 -63
-27 -63
-36 -63
-45 -63
-54 -63
-56 -63
