4
10
21
32
38
41
51
63
-1 -4
-2 -4
-3 -4
-4 -5
-4 -6
-4 -7
-4 -8
-4 -12
-4 -20
-4 -28
-4 -36
-4 -44
-4 -52
-4 -60
-4 -13
-4 -22
-4 -31
-4 -40
-4 -11
-4 -18
-4 -25
-9 -10
-10 -11
-10 -12
-10 -13
-10 -14
-10 -15
-10 -16
-2 -10
-10 -18
-10 -26
-10 -34
-10 -42
-10 -50
-10 -58
-1 -10
-10 -19
-10 -28
-10 -37
-10 -46
-10 -55
-10 -64
-3 -10
-10 -17
-17 -21
-18 -21
-19 -21
-20 -21
-21 -22
-21 -23
-21 -24
-5 -21
-13 -21
-21 -29
-21 -37
-21 -45
-21 -53
-21 -61
-3 -21
-12 -21
-21 -30
-21 -39
-21 -48
-7 -21
-14 -21
-21 -28
-21 -35
-21 -42
-21 -49
-25 -32
-26 -32
-27 -32
-28 -32
-29 -32
-30 -32
-31 -32
-8 -32
-16 -32
-24 -32
-32 -40
-32 -48
-32 -56
-32 -64
-5 -32
-14 -32
-23 -32
-32 -39
-32 -46
-32 -53
-32 -60
-33 -38
-34 -38
-35 -38
-36 -38
-37 -38
-38 -39
-38 -40
-6 -38
-14 -38
-22 -38
-30 -38
-38 -46
-38 -54
-38 -62
-2 -38
-11 -38
-20 -38
-29 -38
-38 -47
-38 -56
-24 -38
-31 -38
-38 -45
-38 -52
-38 -59
-41 -42
-41 -43
-41 -44
-41 -45
-41 -46
-41 -47
-41 -48
-1 -41
-9 -41
-17 -41
-25 -41
-33 -41
-41 -49
-41 -57
-41 -50
-41 -59
-6 -41
-13 -41
-20 -41
-27 -41
-34 -41
-49 -51
-50 -51
-51 -52
-51 -53
-51 -54
-51 -55
-51 -56
-3 -51
-11 -51
-19 -51
-27 -51
-35 -51
-43 -51
-51 -59
-33 -51
-42 -51
-51 -60
-16 -51
-23 -51
-30 -51
-37 -51
-44 -51
-51 -58
-57 -63
-58 -63
-59 -63
-60 -63
-61 -63
-62 -63
-63 -64
-7 -63
-15 -63
-23 -63
-31 -63
-39 -63
-47 -63
-55 -63
-9 -63
-18 -63
-27 -63
-36 -63
-45 -63
-54 -63
-56 -63
